0 1 0.114087
0 2 0.161694
0 3 0.190452
0 4 0.181561
0 5 0.183655
0 6 0.177628
0 7 0.144088
0 8 0.17374
0 9 0.174117
1 2 0.154564
1 3 0.194722
1 4 0.196945
1 5 0.198096
1 6 0.190367
1 7 0.135851
1 8 0.166377
1 9 0.187404
2 3 0.215866
2 4 0.19441
2 5 0.204273
2 6 0.200631
2 7 0.159864
2 8 0.144546
2 9 0.203083
3 4 0.100764
3 5 0.137075
3 6 0.131792
3 7 0.161525
3 8 0.209856
3 9 0.155955
4 5 0.113362
4 6 0.115097
4 7 0.160314
4 8 0.188152
4 9 0.140396
5 6 0.0781005
5 7 0.160368
5 8 0.180629
5 9 0.134493
6 7 0.135579
6 8 0.175277
6 9 0.124586
7 8 0.142505
7 9 0.179984
8 9 0.162962
